Para dar cumplimiento a cuanto previene la base 9.1 de la convocatoria, publicada por Resolución 160/38243/2026, de 5 de mayo, de la Dirección General de la Guardia Civil («Boletín Oficial del Estado» número 112, de 8 de mayo), en el anexo I de la presente resolución se hacen públicas las relaciones de los aspirantes que han sido propuestos para ingresar como alumnos.
La admisión como alumnos a las plazas para militares profesionales de tropa y marinería de las Fuerzas Armadas, queda condicionada a la presentación de la certificación exigida en la base 10.2 de la convocatoria, cuyo modelo figura en su apéndice VI.
Se relaciona en el anexo II, el resultado obtenido por la aspirante que ha realizado las pruebas de aptitud psicofísica que tenía aplazadas en la convocatoria anunciada por Resolución 160/38240/2025, de 23 de mayo, de la Dirección General de la Guardia Civil («Boletín Oficial del Estado» núm. 128, de 28 de mayo).
Se relacionan en el anexo III, las aspirantes que conforme a la base 6.3 de la convocatoria, han aplazado la realización de las pruebas de aptitud psicofísica.
Se relacionan en el anexo V aquellos aspirantes que, en ejecución de sentencias judiciales, deben incorporarse al centro de formación, en las mismas condiciones que el resto de los aspirantes propuestos como alumnos.
Los propuestos para ingresar como alumnos se presentarán en los centros de formación el día 13 de octubre de 2026. La Academia de Cabos y Guardias de la Guardia Civil, Baeza (Jaén) y el Colegio de Guardias Jóvenes «Duque de Ahumada», Valdemoro (Madrid), comunicarán a los designados las instrucciones específicas para la incorporación a los centros de formación respectivos.
Contra la presente resolución, que no agota la vía administrativa, puede interponerse recurso de alzada ante el Excmo. Sr. Teniente General Jefe del Mando de Personal de la Guardia Civil en el plazo de un mes a contar desde el día siguiente al de la publicación de la misma en el «Boletín Oficial del Estado», con arreglo a lo dispuesto en los artículos 121 y 122 de la Ley 39/2015, de 1 de octubre, del Procedimiento Administrativo Común de las Administraciones Públicas.
Madrid, 6 de octubre de 2026.–El General Jefe de la Jefatura de Enseñanza de la Guardia Civil, Manuel López Silvelo.
ANEXO I
Aspirantes seleccionados, propuestos como alumnos
a) A las plazas señaladas en la base 1.1.a de la convocatoria, (plazas para militares profesionales de tropa y marinería de las Fuerzas Armadas).
NIF
Puntuación final
98,25834
113,25000
105,82500
92,70834
97,21666
100,54167
103,53334
102,94167
94,29167
115,17500
96,64167
100,25000
103,94167
107,57500
98,97500
108,87500
92,35833
100,88334
126,78334
124,45833
111,20833
104,66667
103,91666
118,45834
105,62500
98,03333
93,79167
107,87500
105,21667
100,80000
121,50834
105,50000
104,00000
96,50000
89,45000
131,87500
110,16666
100,69167
121,60834
96,11667
95,20000
108,88334
110,58334
104,85000
113,76667
94,29167
88,71667
105,85000
104,75833
115,85833
102,29167
100,59166
115,77500
108,85834
97,05000
114,53334
96,54167
95,82500
97,73333
113,27500
105,96667
96,65000
103,37500
120,30834
100,33333
110,63333
97,08333
108,50000
101,16667
93,95000
93,66666
95,70834
83,20833
102,06667
115,88334
109,43333
109,87500
98,51667
98,90000
117,25000
103,00833
103,08333
101,11667
98,20000
90,13333
111,20833
109,81667
98,87500
110,37500
94,34166
94,37500
110,66667
111,41667
91,16666
103,00000
109,02500
88,71667
90,39167
106,87500
109,04166
97,62500
92,15833
89,92500
132,54167
115,41667
101,34167
95,25000
118,00000
92,56666
95,96667
97,26667
109,40833
104,00833
100,00000
102,96667
97,25833
102,60834
106,19167
109,83333
102,79166
94,75000
96,40834
84,27500
123,69166
108,67500
100,75000
110,16667
101,70000
93,77500
95,55000
115,16667
90,95833
104,31667
105,33333
109,71667
115,12500
107,71666
112,12500
91,37500
111,15000
133,62500
94,35833
121,54166
102,16667
120,44167
114,87500
101,58333
94,20000
102,27500
127,67500
96,12500
95,12500
105,87500
105,88333
112,56667
115,66666
99,94166
96,03334
106,19167
108,23333
101,40833
101,56667
95,20834
106,16667
97,48333
106,33333
109,37500
99,73333
108,08334
101,62500
91,54167
93,50000
97,70833
98,59167
123,36667
125,76667
109,64167
102,35000
103,66667
103,92500
102,16666
122,70833
116,05000
96,62500
113,70834
101,25000
89,87500
92,92500
100,97500
128,91667
110,45834
94,95833
95,64166
91,45833
103,31667
99,09167
113,21666
108,70833
94,45000
102,69167
107,31667
103,49167
107,75000
102,06667
120,37500
108,70833
103,76667
88,65834
101,98334
114,85833
90,38333
97,11666
94,05833
107,62500
99,89167
110,08334
121,24167
98,85833
101,08333
97,33333
95,25000
85,79167
111,12500
122,61667
119,75000
87,54167
100,50000
96,40000
93,04167
100,50000
92,55000
99,62500
101,66667
106,46666
110,77500
107,25000
105,27500
98,45833
91,75834
95,86667
110,55000
111,26666
111,22500
107,30000
114,16667
107,84166
113,75000
102,44166
108,96667
108,00000
107,80000
92,45000
119,65000
111,54167
112,62500
110,86667
122,37500
105,45834
122,70834
110,35000
105,83333
95,00000
104,50000
88,62500
98,41667
128,40000
109,91667
108,95833
100,41667
102,31666
101,69166
88,55000
98,37500
105,24167
110,94166
105,05834
104,98334
115,08333
112,56667
98,25000
121,58333
96,51667
105,05000
110,54166
91,87500
103,77500
129,45833
102,86666
102,25000
95,44167
105,88333
113,91667
95,87500
94,10834
118,79166
93,12500
112,83333
105,60833
113,75000
100,16667
106,62500
107,58334
114,05000
106,42500
113,38333
98,71667
101,08333
105,55834
108,28333
105,08333
103,79167
105,88333
102,65833
117,56667
101,18333
96,08334
108,88333
108,47500
106,37500
94,95000
119,12500
118,31666
119,50000
107,20834
97,12500
112,63333
95,70834
102,41666
99,59166
129,29167
133,27500
100,07500
87,35833
106,83334
123,87500
101,91666
100,85833
108,60833
93,16667
112,98333
111,02500
110,26667
93,12500
128,90000
105,92500
108,85834
110,67500
108,70000
110,12500
100,42500
115,55834
104,50834
100,75000
114,31666
112,87500
102,91667
131,37500
110,34167
112,00833
99,54167
93,02500
98,00833
96,54167
95,60834
108,10833
95,58333
106,66667
115,29166
115,56667
117,90000
98,95000
107,60000
108,06666
105,15833
106,39167
88,71667
100,35833
106,87500
105,75833
96,29167
112,65000
111,13333
101,21666
106,62500
90,41667
102,23333
93,50000
88,50833
104,15833
92,36666
101,29167
93,44166
114,79167
100,65000
106,46666
99,60834
119,69167
124,95834
98,92500
112,69167
93,75833
102,37500
97,81667
91,53333
94,62500
99,35834
106,10833
91,50000
112,17500
107,67500
101,11667
117,08333
111,29167
98,04167
97,20833
108,40000
92,33333
109,04167
123,00834
90,25833
112,24166
102,86667
92,90833
99,29167
96,08334
103,98333
88,12500
109,02500
111,54167
99,20000
105,40834
b) A las plazas señaladas en la base 1.1.b de la convocatoria, (plazas para los alumnos del Colegio de Guardias Jóvenes).
NIF
Puntuación final
118,04167
107,29166
118,95834
115,83334
123,50000
115,00000
133,12500
105,08333
104,04166
100,41667
102,75000
124,50000
108,62500
126,33333
117,75000
124,79167
107,50000
118,41667
107,12500
105,45834
112,12500
110,12500
108,12500
98,87500
118,12500
96,29166
103,62500
118,66667
115,25000
140,45834
101,33333
114,45833
108,62500
94,62500
96,37500
101,62500
123,58333
117,29167
119,66667
91,08333
115,62500
102,62500
111,20833
99,37500
121,37500
115,58333
94,45833
98,50000
107,41667
108,75000
113,41666
117,66667
115,75000
114,95834
112,66667
119,08333
106,00000
112,00000
107,70833
108,62500
125,12500
106,45833
93,75000
109,91667
109,08334
120,95833
105,25000
116,29167
103,75000
114,54167
116,00000
112,29167
105,75000
102,79166
121,45834
115,12500
96,54166
107,91667
104,75000
136,66667
105,75000
95,08334
111,87500
99,75000
104,16667
113,70833
109,54167
98,00000
102,87500
129,16667
105,41667
106,83334
96,79167
112,16667
106,70833
112,04167
110,95834
122,66667
102,62500
114,00000
93,33333
128,91667
101,75000
103,33333
98,25000
103,00000
112,91666
104,00000
100,70833
132,75000
116,20833
93,95833
103,16666
101,33333
92,20833
128,16667
112,41666
110,00000
106,75000
118,41667
129,25000
111,95833
96,33334
107,54167
98,20833
94,66667
95,95833
116,91667
101,25000
99,08334
117,41667
108,00000
127,00000
105,70833
122,08334
111,04167
110,95833
114,58333
120,79166
109,37500
122,37500
100,08333
99,75000
143,91667
93,25000
102,12500
109,20834
96,95833
113,12500
121,20833
107,08333
132,08333
111,75000
120,29167
106,00000
112,08333
122,54167
140,50000
107,91666
97,54167
99,66667
116,00000
113,83334
109,66667
99,41667
123,95833
92,62500
116,08333
99,66666
93,79167
121,91667
98,83333
124,45833
104,83333
110,41666
97,08333
89,83333
98,70833
130,70834
130,70833
115,29167
124,62500
108,08334
107,66667
114,00000
107,25000
102,79167
123,75000
98,45833
116,29167
106,29167
96,41667
100,16667
109,62500
103,87500
119,70833
103,08333
112,58333
116,54167
127,70834
116,12500
109,00000
110,58333
119,29166
130,75000
130,70833
105,00000
108,66667
105,79167
118,33333
118,54166
124,50000
114,12500
114,25000
106,83333
116,66667
109,91667
136,08333
105,00000
106,58334
100,66667
124,50000
112,54166
129,33333
104,50000
101,66666
115,91667
105,91666
112,95834
100,16666
133,62500
115,20834
97,75000
105,91667
137,54167
102,62500
103,33334
99,45834
114,79167
90,41667
c) A las plazas señaladas en la base 1.1.c de la convocatoria, (plazas libres).
NIF
Puntuación final
113,62500
98,10000
99,80000
123,91667
96,91667
90,87500
110,04167
93,70833
92,75000
107,54166
119,12500
108,54167
113,87500
108,95833
109,58333
106,79166
112,87500
92,79167
97,04167
97,66667
96,20833
117,04167
91,45834
99,29166
95,41667
121,91667
98,25000
121,62500
103,87500
93,12500
99,83334
117,25000
109,16666
111,12500
94,25000
90,87500
120,41667
100,70833
93,08333
101,87500
108,83334
96,45833
93,66666
95,79167
106,20833
91,12500
125,33333
90,87500
98,58333
117,16667
101,25000
101,87500
119,00000
100,25000
98,08334
117,62500
103,66667
112,54167
108,50000
118,45834
119,62500
109,33334
104,58333
98,33333
103,37500
95,54167
98,54167
103,33334
131,88333
99,66667
101,79167
107,54167
102,00000
97,75000
110,45833
105,12500
102,54167
96,95833
100,08334
119,25000
92,87500
111,04166
116,41667
93,58333
94,33333
107,04167
112,66666
98,66667
118,50000
103,04167
129,25000
98,70833
107,62500
97,50000
94,90834
105,41667
100,08333
129,45834
105,75000
107,87500
108,16666
108,16666
102,95834
119,04167
97,16667
108,45834
120,04167
110,66667
108,08333
102,87500
100,00000
118,00000
94,33334
95,00000
109,75000
108,04167
120,62500
97,58333
101,79166
119,00000
127,20834
101,08334
112,87500
111,16667
105,81666
100,87500
120,83333
116,29167
107,00000
107,08333
98,83334
106,33334
107,75000
99,70833
107,62500
125,46667
103,79167
117,41667
96,83333
100,50000
110,00000
92,58334
102,62500
101,20834
102,41667
93,83333
114,54167
112,22500
111,45833
96,83334
93,87500
101,61667
93,54166
106,45834
105,66667
95,29167
106,00000
98,51667
124,08333
109,08334
99,95833
91,08334
110,75000
95,95833
109,16667
118,20834
110,86667
100,29166
115,55000
95,04167
118,91667
111,50000
95,70833
110,75000
100,00000
107,12500
111,50000
113,33333
122,58333
115,04167
100,87500
97,41667
101,75000
114,50000
105,95833
91,00000
93,54167
110,79167
105,00000
123,45833
110,37500
119,66667
103,16667
97,54166
99,12500
90,79167
106,16667
98,50000
119,41667
111,87500
99,37500
98,45833
102,04167
100,25000
120,54167
101,87500
105,66667
100,58333
113,91667
133,93334
105,62500
123,91667
110,08333
92,41667
98,08334
96,66667
118,54167
101,45833
118,70833
114,83334
112,70833
122,87500
104,54167
108,75000
99,08334
113,79166
95,87500
95,08333
94,25000
112,33333
114,54167
95,08333
104,66667
125,16667
95,16666
107,20000
117,54166
96,16666
95,37500
111,58333
108,25000
103,04167
109,37500
127,41667
96,00000
106,62500
111,87500
105,41667
113,75000
96,20833
111,33333
100,54167
127,20834
117,00000
108,58334
102,70834
98,58333
104,91667
96,58333
103,41666
120,66667
102,75000
113,66666
98,29166
107,25000
95,91667
90,79167
101,45834
98,83333
110,58333
109,16667
91,33333
117,91667
99,12500
91,66667
106,62500
110,20833
118,04167
91,83334
102,87500
103,00000
101,75000
106,91667
96,25000
121,99167
93,25000
111,50000
107,87500
109,16667
94,83333
97,00000
99,50000
102,91666
108,20833
100,25000
97,50000
100,83333
98,91667
108,95833
118,62500
106,50000
100,87500
112,25000
106,91666
97,87500
108,57500
114,37500
96,62500
91,79167
113,04166
92,70833
100,50000
110,29167
106,49167
107,20833
106,83333
92,83334
104,75000
104,91666
118,75000
92,54167
115,58333
106,45833
98,33334
107,75000
96,50000
97,87500
99,95834
106,95834
101,16666
111,22500
106,41667
112,12500
100,75000
107,91667
93,83334
104,66667
123,58333
106,66667
101,33333
101,25000
102,12500
110,12500
100,83333
107,37500
103,66667
113,29167
105,25000
93,37500
111,70834
119,95833
100,00000
105,00000
105,04167
108,50000
111,08333
93,41667
108,83334
103,25000
91,70833
105,29166
105,91667
93,45833
125,54167
118,91667
116,91667
100,76667
97,70833
94,37500
90,66666
98,25000
93,08333
92,00000
113,95833
109,37500
108,12500
103,04167
100,37500
104,54167
100,41666
110,26667
95,75000
126,75000
127,62500
124,08334
103,33333
114,12500
111,62500
101,04166
106,16666
113,54167
92,75000
111,04167
101,66667
115,58333
97,54167
112,16666
107,20833
116,00000
100,29167
117,53333
120,08333
105,70833
93,50000
105,33333
95,79167
101,70833
105,91667
102,83333
107,45834
95,79167
110,50000
117,50000
106,41667
104,37500
101,66666
108,79166
118,12500
103,25000
111,75000
116,04166
97,50000
110,54167
112,04167
104,91666
108,66667
106,70833
108,25000
121,70000
115,16667
112,91666
127,20833
94,16666
107,29166
111,25000
107,66667
100,13333
114,04166
100,12500
99,79166
97,99167
92,08333
93,12500
112,62500
92,70833
92,25000
123,25000
122,66667
113,95834
97,20834
105,33334
100,91666
108,50000
95,04167
96,87500
93,16667
123,83333
95,00000
93,70833
93,66667
97,33333
96,04166
100,00000
117,54167
98,08333
98,87500
106,91667
94,41667
123,66666
110,33333
110,91667
99,41667
95,20833
120,80000
110,91667
100,25000
115,83333
111,91667
143,74167
108,20834
103,20834
106,04167
93,66666
109,33334
98,70834
110,91667
124,67500
116,79166
100,12500
111,91667
97,29167
102,54166
107,45833
91,33334
91,79166
95,91667
108,42500
109,08333
95,12500
114,62500
93,41667
111,00000
101,00000
101,25000
105,41667
106,66667
111,16667
104,95834
101,52500
95,08334
102,79167
100,16667
101,87500
102,91667
118,66667
91,62500
121,50000
126,08333
110,95834
135,66666
98,52500
111,00000
98,91667
100,12500
122,79167
117,04167
111,87500
91,66667
112,41667
112,00000
106,75000
107,45834
119,04167
94,45834
114,01666
117,47500
106,95833
102,37500
107,20833
120,37500
102,91666
98,16667
101,00000
108,29167
120,46666
115,16667
93,91667
109,66667
105,54166
110,66666
110,12500
103,33333
100,04166
99,25000
112,12500
101,58334
93,95833
121,70834
117,87500
118,37500
126,58334
99,00000
96,50000
103,04167
104,20833
92,00000
96,66667
109,66666
121,37500
102,29167
106,58333
102,54167
112,45833
126,66667
100,08334
100,41667
116,00000
108,66667
98,91667
113,83334
94,83333
99,91667
125,16666
101,45834
95,04166
123,16666
110,87500
95,58334
93,54166
97,50000
103,87500
111,66667
112,00000
100,29167
110,66667
102,04167
94,83334
94,04166
100,12500
97,37500
94,41667
110,62500
111,12500
118,41667
100,25000
95,37500
115,45834
113,12500
93,62500
111,45833
115,12500
114,50000
122,83333
124,66667
104,37500
120,95833
97,91667
110,75000
100,37500
103,29167
92,33334
100,62500
108,83333
106,87500
91,95833
96,79167
106,91667
103,87500
112,79167
104,66666
121,70833
99,37500
107,16667
117,00000
108,79167
95,70833
98,16666
120,25000
110,50000
119,45833
105,58334
117,20833
102,12500
98,08334
92,16666
123,00000
98,04167
108,16666
101,00000
111,29167
99,45833
107,45833
120,66666
91,08334
103,50000
108,83333
97,50000
102,03333
99,54167
115,58334
92,79167
110,50000
100,12500
99,66666
112,16667
93,29167
108,43333
95,25000
115,08334
96,00000
112,37500
108,54167
123,62500
108,75000
103,72500
104,70833
102,70833
102,58333
100,58334
116,25000
98,78334
103,87500
109,45834
111,16666
94,87500
92,16667
116,20833
103,70833
102,16667
96,08333
106,79167
109,62500
108,25000
101,16667
97,00000
96,20834
112,62500
115,00000
99,08333
92,79167
107,41667
126,00000
95,66667
108,58334
110,08334
103,29167
101,62500
113,16667
114,50000
92,54167
95,79167
109,62500
114,66667
97,41667
100,54167
99,37500
106,95834
97,45834
93,25000
118,25000
105,25000
97,62500
109,54166
102,70833
93,45834
100,12500
134,41667
105,70833
123,25000
99,66666
102,33333
93,37500
119,00000
109,20833
98,75000
121,93334
106,75000
119,75000
96,04167
123,20833
96,29167
93,16666
118,58333
120,87500
107,83334
105,04167
106,79167
107,50000
90,95834
114,25000
110,33333
107,75000
94,37500
98,45000
98,54167
106,24166
124,66667
99,83334
105,20000
100,62500
97,16667
103,08333
107,76666
112,33334
111,29167
102,37500
94,70834
97,50000
116,29167
98,20833
100,79167
115,72500
110,12500
92,50000
102,08333
92,79167
99,95833
100,08333
109,58334
95,70834
109,29167
96,04166
117,16667
103,75000
107,75000
99,66666
95,95834
118,91667
110,25000
113,41667
97,70834
99,16667
105,17500
100,04167
116,29167
107,95833
93,00000
101,33334
112,33333
98,04167
94,62500
111,16667
109,87500
117,29167
114,08333
109,20834
106,83333
106,25000
98,62500
119,62500
93,66666
108,12500
117,66667
111,04167
101,58334
99,58333
94,04167
119,08333
112,16666
98,04166
92,33334
110,75000
103,87500
112,04167
116,95834
99,29167
96,20833
114,75000
106,87500
90,87500
95,41666
109,04166
116,33333
107,54167
108,04166
98,66667
107,12500
96,12500
95,95834
103,08334
108,70833
121,91667
117,45833
93,70833
113,45833
129,16667
94,62500
93,04166
103,12500
100,58334
104,16666
91,91667
95,54166
104,91666
102,08333
98,54166
118,12500
95,50000
95,16666
107,04167
102,99166
122,12500
96,04167
96,91666
107,00000
96,04167
97,54167
112,25000
110,12500
102,54166
131,79167
102,91667
100,50000
112,33333
110,75000
120,08333
95,66666
100,75000
124,75000
103,70834
102,00000
104,83333
103,33334
96,75000
100,29167
100,58334
123,45833
98,62500
93,08334
93,00000
104,58334
102,33334
110,45833
105,25000
115,00000
91,75000
97,33333
102,83333
135,29167
105,12500
94,70834
114,50000
105,04166
101,33334
120,00000
122,83333
93,66666
110,41667
108,29167
115,70833
97,45833
121,20833
93,16667
97,25000
117,50000
102,54166
93,16667
107,58334
99,62500
99,91667
112,08334
97,12500
120,37500
111,04166
105,62500
97,80000
120,83333
112,83334
106,16667
106,87500
119,08333
115,25000
97,66667
95,80834
104,79166
115,58333
92,83334
105,12500
94,04167
118,16666
100,16667
119,62500
108,16667
107,87500
91,70834
115,12500
108,62500
107,12500
91,50000
107,08333
103,04167
94,54167
120,87500
113,70833
106,75000
100,41667
106,45834
104,54166
99,54167
94,25000
105,54167
110,16667
105,83333
91,37500
127,16667
107,70834
111,66667
104,33333
100,58333
95,95834
106,58333
117,41667
117,66666
97,58333
104,45833
102,08333
125,57500
96,47500
98,00000
103,87500
109,62500
103,35000
96,91667
108,12500
98,95833
106,66667
112,37500
131,15833
100,08333
109,83334
96,66667
114,50000
95,54167
108,50000
111,16667
96,87500
120,95833
121,00000
108,00000
95,25000
97,83333
107,41666
107,00000
117,54167
108,12500
107,43333
98,00000
105,12500
111,87500
101,29167
98,00000
95,25000
111,04167
113,08334
110,75000
101,75000
113,91667
104,54166
97,12500
101,45834
105,79167
111,87500
97,04167
103,45833
121,41667
112,25000
100,08333
114,91666
116,29167
102,00000
107,68334
102,62500
120,25000
92,37500
103,25000
110,16667
94,25000
103,83333
95,93333
116,04167
119,33333
97,62500
91,58334
96,33333
108,05833
114,91666
96,95833
113,62500
105,04167
107,54167
97,13333
106,37500
109,18334
93,54167
119,75000
101,08333
121,29167
96,45833
100,16667
112,20833
97,75000
100,87500
125,08334
105,25000
107,33334
90,79167
93,50000
104,50000
136,91667
97,66667
119,16666
107,33333
101,54167
91,91666
104,43333
99,70833
105,75000
96,41666
105,83333
110,29167
93,62500
91,50000
99,70833
101,16667
97,91667
119,97500
112,20833
121,54167
95,50000
102,70834
102,25000
102,20834
97,58333
105,79167
92,04167
100,50000
114,83333
102,70834
108,04166
98,41667
92,41667
105,12500
110,79167
110,91667
100,00000
99,75000
116,37500
94,75000
95,62500
101,91667
103,41666
106,16666
99,00000
118,91667
92,50000
95,79166
94,08333
110,75000
115,66667
110,12500
108,30833
98,04167
124,83333
100,29167
93,29167
115,16667
107,41667
113,37500
130,95833
100,66667
102,41666
104,45000
93,65833
109,41667
102,91666
112,95833
105,20833
101,83334
119,20833
108,74166
96,87500
96,70833
96,76667
109,79167
105,29167
96,54167
116,04167
95,37500
101,20833
109,41667
109,54167
97,22500
98,45834
106,70833
116,07500
116,83333
111,70833
115,25000
99,00000
97,08333
115,50000
97,70834
112,91667
108,79167
104,50000
106,62500
93,37500
105,37500
102,50000
93,54166
108,80000
105,75000
98,66667
112,91667
117,45834
110,38334
94,75000
107,08334
104,41667
107,37500
92,00834
111,29167
96,00000
96,91666
110,91667
92,54167
110,91667
101,45833
112,50000
106,66667
104,20833
93,75000
122,33334
116,91667
102,62500
106,83333
102,62500
111,37500
91,33333
90,66667
110,95834
97,95833
104,00000
106,16667
108,91667
96,29167
112,37500
113,16667
129,62500
93,16667
112,29166
101,37500
104,04167
110,58334
124,54167
119,25000
110,54167
94,54167
91,37500
101,29166
100,29167
103,62500
91,79167
96,83334
91,45833
101,04167
108,45834
98,58333
93,25000
114,12500
115,01666
97,66666
112,35000
104,75000
114,50000
119,53333
92,16667
107,87500
103,95833
101,50000
98,08334
96,58333
101,00000
99,95833
116,91667
109,08334
100,62500
108,95833
104,91667
107,08334
93,95833
124,95000
105,50000
102,33333
109,29167
100,29167
113,62500
117,12500
107,83334
111,04167
107,16666
117,75000
116,33333
112,37500
109,83333
111,70833
120,41666
105,62500
113,00000
117,25000
91,25000
96,08333
110,50000
95,62500
101,62500
102,70834
115,66667
95,87500
98,75000
111,45834
106,45834
98,62500
96,41666
105,54167
95,04167
90,95834
110,58333
96,00000
99,87500
100,79167
120,99167
105,91666
101,79167
96,70834
111,25000
105,54167
104,62500
103,20833
112,16667
104,95833
95,50000
106,58334
106,04166
94,16667
105,29167
110,50000
93,50000
119,63334
106,58334
115,75000
99,90833
129,00000
117,79167
104,37500
95,08333
100,70834
99,00000
101,66667
114,62500
101,04167
129,37500
123,41667
126,41667
94,58333
115,25000
113,66667
115,75000
102,43333
114,04166
92,20833
115,05000
125,75000
97,08334
106,54166
99,00000
96,91666
103,45833
117,45833
119,66667
102,16667
110,87500
92,04166
101,29167
98,83334
92,37500
101,00000
105,91667
114,62500
121,00000
118,70834
112,70833
106,16666
93,00000
131,08334
106,37500
99,40833
94,05000
95,79167
114,83333
103,87500
105,70833
127,04167
123,66667
92,29167
98,20833
108,91667
106,70833
100,41667
99,08334
102,87500
104,00000
120,54167
111,84167
101,33333
105,45833
121,95833
115,93333
106,25000
95,47500
113,62500
99,70833
95,23333
103,33333
105,00000
99,04167
116,08333
102,10000
108,12500
94,00000
97,87500
101,45833
100,33334
109,04166
93,83333
100,37500
94,33334
109,54167
107,66667
129,70833
108,16667
113,12500
98,58333
100,25000
107,33334
92,54167
104,66666
126,12500
90,66667
103,20833
109,33333
106,50000
106,83333
107,08334
121,83333
114,83333
98,45834
113,66667
118,00000
92,87500
104,33334
102,95833
95,62500
100,58333
110,08334
92,41667
99,92500
109,75000
118,68333
94,50000
111,25000
108,74167
96,61667
110,75000
106,04167
94,29167
118,37500
91,91667
106,29167
130,62500
119,70833
127,10834
100,00000
106,00000
101,12500
102,20833
98,25000
100,16667
113,66667
105,83333
102,29167
119,58334
123,33334
114,45833
116,72500
90,79166
111,04167
123,50833
115,58334
116,62500
131,04167
109,08334
91,58333
101,70833
110,12500
102,83333
96,33333
97,79167
96,04167
108,85833
106,33334
112,37500
111,91667
100,62500
101,29166
111,16667
121,04166
112,75000
102,75000
109,62500
92,37500
115,37500
104,87500
104,29167
99,79167
100,91666
97,70833
103,54167
102,12500
117,16666
111,75000
94,79167
107,91667
95,08333
111,62500
91,87500
105,08333
127,29167
107,50000
111,45834
107,33334
117,58333
97,50000
115,50000
106,20834
90,66666
116,62500
111,34166
111,41667
106,33334
100,70000
117,60000
96,00000
118,20833
111,58334
90,83333
92,16666
118,25000
107,50000
113,58334
100,29167
93,54166
109,20833
123,91666
92,41667
105,91666
93,45833
92,45834
120,58333
100,16666
93,20833
114,66667
99,20834
101,50000
98,66667
104,08333
93,50000
103,58334
93,32500
105,75000
125,34167
130,75000
106,83334
101,16667
95,20834
105,83334
95,53333
113,08334
115,00000
116,83334
103,91667
104,41667
126,75000
112,20834
93,54167
108,71666
109,70833
97,50000
119,87500
93,04167
92,37500
101,58333
105,04166
100,58333
96,58333
95,50000
106,16667
112,83333
93,95833
114,25833
107,20834
94,12500
111,58334
112,16666
112,37500
105,66667
106,87500
114,04166
100,33334
96,29167
111,53334
104,08333
102,62500
95,95000
90,60833
119,08333
109,20833
103,33333
132,54167
119,70834
133,62500
96,16667
121,66667
103,33334
104,37500
103,12500
91,37500
116,50000
97,00000
99,25000
104,25000
97,87500
116,58334
98,95833
95,29167
126,87500
94,04166
98,79167
101,29167
118,37500
100,25000
109,66667
102,62500
100,37500
111,33334
128,70833
105,39166
108,83334
123,91667
94,12500
110,87500
92,95833
109,12500
121,00000
118,66667
122,10833
95,19167
106,75000
98,92500
101,62500
108,83333
98,66666
104,45833
106,93333
124,33333
103,58333
98,29166
99,95833
113,79167
109,91667
105,62500
102,37500
99,87500
101,12500
102,66666
108,41667
104,75000
115,45833
98,25000
105,56667
95,37500
105,75000
94,79167
107,50000
117,66666
107,87500
92,33333
95,70833
98,75000
108,70834
102,41667
108,29167
116,00000
95,95833
96,04167
110,20834
119,33333
117,66667
105,16667
106,20834
105,33333
103,16667
133,83333
119,12500
112,66667
101,50000
123,41667
110,25000
115,50000
99,16666
118,91666
105,83333
103,16666
114,75000
114,70833
94,95833
111,16667
106,87500
106,33333
115,30000
107,50000
105,33333
94,08334
106,70833
97,04166
97,25000
120,62500
91,58334
121,75000
106,58334
96,41667
135,87500
107,12500
104,58333
113,16667
110,67500
106,25000
97,95833
121,58333
116,83333
94,95833
115,12500
90,87500
91,04167
112,20833
105,79167
110,00000
101,58333
97,16666
114,45833
110,91666
105,12500
116,35000
120,58333
93,00000
114,41667
109,08334
100,08333
113,45834
110,20834
105,01666
97,29167
99,79167
120,41667
96,20834
112,04167
114,50000
120,87500
117,95834
116,66667
101,66667
96,79167
99,58333
93,16667
91,16666
104,92500
97,41667
100,91667
104,12500
100,50000
100,70833
102,83333
103,50000
99,00000
100,58333
107,04167
105,29167
99,18333
109,29167
109,25000
111,58333
94,66666
112,58334
108,66666
112,25000
122,66667
95,37500
113,54167
100,87500
101,83334
93,75000
129,33334
99,50000
97,50000
121,92500
103,04166
97,79167
114,08333
98,00000
105,54167
118,45833
99,29166
112,39167
117,12500
126,29167
105,41667
123,25000
103,87500
94,29167
108,91667
114,42500
114,45834
104,66666
100,50000
90,62500
112,54166
99,00000
90,95834
124,83334
101,95834
97,41666
131,98333
94,85000
98,79166
116,45833
117,62500
106,04167
114,95834
115,36666
117,91667
113,37500
94,95834
107,37500
123,70833
114,29166
104,37500
120,08333
101,41667
118,54167
92,41667
116,12500
117,00000
94,87500
102,87500
114,20834
114,45834
105,00000
115,66666
101,45833
110,29166
93,25000
118,54167
99,95834
104,45833
96,33333
106,58333
115,25000
112,79167
103,16666
104,58333
102,08334
107,12500
113,25000
102,79167
115,62500
108,04167
106,87500
109,91666
128,20834
113,62500
101,12500
112,50000
109,87500
109,87500
122,04167
95,95833
92,70833
117,54167
110,04167
119,00000
106,80000
96,29166
108,16667
101,37500
103,29167
102,58333
115,70833
91,95833
100,45833
100,75000
99,66667
111,50000
96,54167
124,12500
97,04167
99,50000
107,37500
103,49166
112,35000
92,87500
126,37500
92,87500
112,54167
106,79167
108,00000
118,87500
101,16667
106,79167
94,63334
107,83333
111,70833
105,83333
114,45834
108,50000
118,29166
115,79167
105,12500
122,90833
113,72500
110,04167
116,75000
96,12500
100,83333
93,83333
107,41667
115,29166
97,87500
96,79166
109,83334
117,45833
102,16667
106,66666
108,04167
123,04167
101,83333
106,20833
104,70833
116,11667
99,00000
99,54166
98,12500
95,20833
100,57500
115,33333
109,91667
110,17500
103,68333
116,54167
99,04166
115,83334
102,16667
111,47500
91,50000
104,08334
97,37500
102,00000
100,12500
132,72500
102,33333
109,00000
101,35000
107,16667
100,95834
91,33333
108,00000
120,41666
98,12500
109,25000
108,08334
108,45833
100,50000
104,70000
102,00000
109,66667
123,58334
112,16666
101,33333
102,66666
100,75000
92,04167
124,93333
107,75000
108,00000
98,83333
119,33334
105,25000
92,58333
118,41667
118,95833
135,41667
102,83334
104,66666
108,87500
120,59167
113,08333
91,20833
94,76667
102,66667
95,83334
107,50000
104,87500
118,41667
112,37500
102,37500
93,59166
95,08334
97,66667
99,95833
90,75000
96,75000
102,25000
99,58333
121,20834
100,54167
96,41667
103,37500
101,70833
108,70833
96,20833
115,04166
93,62500
96,54166
112,83333
101,75000
101,58333
107,08334
99,75000
100,66667
111,79167
111,58333
104,58334
92,87500
99,45833
110,08333
98,45833
96,41667
102,95833
100,54167
94,12500
112,91667
110,54167
93,83333
108,45833
101,04167
107,62500
94,54167
119,87500
97,66667
112,04167
112,70833
102,00000
111,91667
123,12500
107,08334
117,25000
117,99167
110,29167
135,75000
95,58333
95,87500
121,95833
102,66667
94,54167
110,95833
105,80000
91,50000
96,50000
94,50000
114,66667
129,91667
94,87500
94,79167
95,95833
105,04166
105,25000
100,16667
101,20833
103,08333
100,87500
109,25000
103,95833
115,45833
99,08334
101,33333
102,37500
95,83333
92,79167
107,41666
111,04166
110,95834
112,87500
112,12500
99,58334
115,00000
121,45833
100,16667
102,79166
102,54166
102,58333
119,20833
97,66666
102,91667
100,25000
103,45833
103,29166
116,87500
90,62500
124,45834
136,99167
117,00000
110,16667
111,58333
91,20833
109,58334
101,91666
91,41666
98,95833
106,20833
97,79167
122,50000
107,70833
111,62500
111,87500
101,08334
105,62500
113,45833
97,45834
95,54167
104,54167
104,62500
110,83333
94,29167
108,70000
109,41667
98,25000
125,18333
103,66667
97,33334
113,75000
93,91666
109,25000
103,37500
114,37500
126,00000
123,00000
95,12500
97,66666
103,83333
109,29167
100,20834
112,87500
112,95833
127,50000
94,29167
93,20833
100,54167
93,91667
102,83333
116,91667
96,95834
102,79167
102,12500
98,95834
92,20834
111,25000
98,95833
106,16667
106,62500
95,66667
99,54167
108,83334
127,79167
105,79167
92,12500
102,83333
102,87500
112,66666
97,04167
100,45833
100,66667
103,08333
96,08334
94,30833
121,45833
104,87500
96,08333
93,37500
108,12500
106,62500
94,04167
115,25000
101,04166
104,70833
107,20834
108,04166
95,95834
127,50000
98,25000
123,40833
106,16666
118,37500
114,25000
96,20834
111,08334
98,29166
104,29167
101,70833
107,37500
106,54167
94,54166
105,91666
100,62500
100,91667
118,62500
110,12500
99,12500
94,00000
95,25000
114,45833
104,70833
101,70000
104,83334
101,20834
110,95834
109,33334
94,00000
108,79166
118,33333
114,41667
93,33334
100,25000
105,12500
122,95834
117,91667
95,83333
102,05000
112,54167
104,87500
115,20833
95,08334
119,04167
98,37500
106,20833
121,33334
106,12500
99,33333
109,68333
93,37500
95,70833
92,62500
104,87500
106,75000
104,25000
111,50000
110,12500
93,37500
102,33333
96,20833
100,95833
91,62500
99,87500
121,37500
109,16667
108,66667
104,95833
102,62500
113,12500
97,54167
110,95833
95,70833
112,54167
117,00000
94,29166
128,25000
98,70834
98,70833
105,79167
98,75000
90,83334
101,91667
96,45834
117,79167
109,25000
105,37500
104,12500
92,29166
104,76667
101,16667
100,50000
103,70834
108,25000
103,87500
98,74167
111,25000
119,29166
97,12500
114,91666
96,00000
98,66667
108,25000
98,54167
126,12500
104,20833
102,08334
97,12500
118,37500
127,37500
97,16666
94,58333
95,79167
115,08333
103,75000
124,33333
115,91667
105,00000
101,54166
120,66667
120,79167
106,32500
101,62500
108,70834
106,66667
95,50000
128,37500
95,91667
99,29167
113,83334
108,87500
109,54167
106,50000
105,70833
115,37500
110,62500
127,50000
117,41667
112,75000
91,12500
93,33333
117,29167
105,75000
115,00000
103,70834
109,25000
115,25000
104,84167
99,33333
99,70833
109,70833
100,45834
113,83333
118,04167
94,95834
122,58334
92,87500
95,54167
99,91667
112,66667
120,62500
91,33333
104,70833
104,42500
95,54167
91,95833
98,29167
106,29167
95,91667
102,95833
103,50000
93,20000
108,83334
92,41667
102,79167
90,87500
102,41667
126,16667
102,04167
94,08333
101,41667
102,20834
92,91667
120,95834
93,91666
116,70833
101,12500
97,58333
112,37500
116,08333
91,70833
109,33334
121,58334
93,70834
97,87500
99,14167
120,52500
104,20834
111,66667
99,04167
103,12500
97,50000
93,25000
98,79166
113,70834
101,12500
120,70834
117,41667
113,00000
115,87500
111,75000
116,87500
95,41667
110,33334
90,66667
105,12500
122,97500
115,20833
116,37500
112,69167
91,75000
94,70834
104,70834
111,29166
112,83334
116,25000
117,95833
109,00000
102,45834
109,54167
97,58334
93,70834
123,75000
128,29166
92,95833
107,12500
96,07500
109,87500
97,95834
102,37500
112,54167
111,00000
92,83333
103,58333
91,12500
93,75833
114,45833
93,83333
119,41667
91,58334
98,70834
114,37500
104,62500
98,16666
104,95833
101,45834
117,54167
106,70833
122,87500
103,25000
118,62500
113,54166
95,16667
98,41667
114,20000
102,70833
134,12500
101,16667
106,66666
105,79166
106,50000
93,76666
117,54167
98,20834
111,12500
109,54166
125,45833
106,95834
103,58334
95,66667
94,70834
96,41667
120,20834
107,70833
110,79167
94,75000
127,82500
112,70834
117,70833
92,41667
107,54167
96,87500
109,46667
113,66666
104,66667
103,16666
111,42500
124,08334
100,45834
99,45833
97,20834
105,79167
108,58333
117,62500
115,25000
95,66666
102,41667
100,08333
104,95834
111,20833
92,08334
97,33333
103,50000
119,41666
94,16666
96,91667
100,25000
112,62500
120,25000
105,41667
103,04167
123,12500
101,16667
125,62500
112,20834
97,00000
98,45834
91,29167
97,45833
101,45833
132,08333
115,91666
99,00000
103,33333
96,04167
105,75000
112,61667
104,33333
91,37500
92,58333
95,87500
103,54166
100,50000
101,08333
103,91667
94,75000
105,75000
100,50000
102,50000
97,83334
108,25000
103,37500
102,04167
117,05000
119,25000
98,62500
128,91666
111,87500
106,70833
119,04167
97,79166
107,08334
138,04167
96,66667
104,29167
116,04167
96,33333
104,58334
101,00000
99,37500
99,37500
100,69167
100,95833
113,50000
90,70833
105,25000
97,95833
122,25000
108,25000
106,95834
104,20834
90,91667
105,29167
92,79166
122,20833
108,91667
97,25000
91,58333
105,29166
102,93333
111,09167
111,91667
ANEXO II
Resultado obtenido por la aspirante que ha realizado las pruebas de aptitud psicofísica aplazadas en la convocatoria publicada por Resolución 160/38240/2025, de 23 de mayo, de la Dirección General de la Guardia Civil (BOE núm. 128, de 28 de mayo)
DNI
Puntuación final
Obtiene plaza
Observaciones
102,93248
SI
Conforme a la base 6.3 de la Convocatoria, 160/38240/2025, de 23 de mayo, de la Dirección General de la Guardia Civil (BOE núm. 128, de 28 de maayo), se realizan las pruebas de aptitud psicofísica que tenía aplazadas. La obtención de plaza de la referida aspirante se ha regido por lo establecido en el artículo 64.3.a. del Reglamento de ordenación de la enseñanza en la Guardia Civil.
ANEXO III
Aspirantes que aplazan la realización de las pruebas de aptitud psicofísica para próximas convocatorias
DNI
Puntuación final
Obtiene plaza
Observaciones
102,20833
SI
Conforme a la base 6.3 de la Convocatoria, publicada por Resolución 160/38243/2026, de 5 de mayo de la Dirección General de la Guardia Civil (BOE núm. 112, de 8 de mayo) y el artículo 64 del Reglamento de ordenación de la enseñanza en la Guardia Civil, aprobado por el Real Decreto 131/2018, de 16 de marzo. Pendiente de la realización de las pruebas de aptitud psicofísica.
109,39167
SI
Conforme a la base 6.3 de la Convocatoria, publicada por Resolución 160/38243/2026, de 5 de mayo de la Dirección General de la Guardia Civil (BOE núm. 112, de 8 de mayo) y el artículo 64 del Reglamento de ordenación de la enseñanza en la Guardia Civil, aprobado por el Real Decreto 131/2018, de 16 de marzo. Pendiente de la realización de las pruebas de aptitud psicofísica.
ANEXO IV
Aspirante a la que se concede reserva de plaza
DNI
Puntuación final
Obtiene plaza
Observaciones
100,54166
SI
Se le concede reserva de plaza para realizar la enseñanza de formación en el próximo curso académico, en virtud del artículo 65 del Real Decreto 131/2018 de 16 de marzo por el que se aprueba el Reglamento de ordenación de la enseñanza en la Guardia Civil.
ANEXO V
Aspirantes propuestos para ingresar como alumnos por sentencias judiciales
DNI
Puntuación final
Observaciones
111,50000
Por sentencia núm. 952/2026, de fecha 20 de abril de 2026, de la Sección Tercera de la Sala de lo Contencioso-Administrativo de Granada del Tribunal Superior de Justicia de Andalucia se propone para ingresar como alumno tras superar el reconocimiento médico.
114,72500
Por sentencia núm. 271/2026, de fecha 29 de abril de 2026, de la Sección Segunda de la Sala de lo Contencioso-Administrativo del Tribunal Superior de Justicia de la Comunidad Valenciana, se propone para ingresar como alumno.
93,35866
Por sentencia núm. 715/2025, de fecha 28 de noviembre de 2025, de la Sección Sexta de la Sala de lo Contencioso-Administrativo del Tribunal Superior de Justicia de Madrid, se propone para ingresar como alumno.
121,16666
Por sentencia núm. 47/2026, de fecha 27 de enero de 2026, de la Sección Primera de la Sala de lo Contencioso-Administrativo del Tribunal Superior de Justicia de Zaragoza se propone para ingresar como alumno tras superar el reconocimiento médico.
105,41139
Por sentencia núm. 529/2025, de fecha 1 de octubre de 2025, de la Sección Sexta de la Sala de lo Contencioso-Administrativo del Tribunal Superior de Justicia de Madrid, se propone para ingresar como alumno.
 Análisis
ANÁLISIS
Rango: Resolución
Fecha de disposición: 06/10/2026
Fecha de publicación: 08/10/2026
Referencias anteriores
PUBLICA la relación de aspirantes propuestos/as para ingresar como alumnos y alumnas de la convocatoria efectuada por Resolución 160/38243/2026, de 5 de mayo (Ref. BOE-A-2026-9982 ).
subir 
Contactar 
Sobre la sede electrónica 
Mapa 
Aviso legal 
Accesibilidad 
Protección de datos 
Sistema Interno de Información 
Tutoriales 
Empleo en la AEBOE 
Agencia Estatal Boletín Oficial del Estado
Avda. de Manoteras, 54 - 28050 Madrid

[TestLey: 3249 líneas con DNI/NIE completos no se guardan (datos personales).]
